0.000000000000000000e+00
0.000000000000000000e+00
0.000000000000000000e+00
7.866666666666666288e+02
1.068066845396443254e+00
4.364970802990790766e-01
7.008221161053580506e-01
3.351950110736564570e-01
3.412392311055996719e-01
3.626008830392733473e-01
3.581731727583576386e-01
2.690637694755772524e-01
4.192342278263419542e-01
2.889613030746180922e-01
3.304386601598006679e-01
2.360096179914964176e-01
1.881986800386198921e-01
1.960412012280851601e-01
1.265578357601254145e-01
7.980606958985621280e-02
7.730410072399825083e-02
5.357725019363961810e-02
1.897424925717245553e-02
-1.129276942531109301e-01
-1.675254635634947920e-01
-2.155958364239888847e-01
-1.558653782500894203e-01
-2.845554783853113112e-01
-2.017658678191898980e-01
-3.995226010184656507e-01
-3.938364285575883805e-01
-5.489799881029272521e-01
-3.044169227507512177e-01
-3.728714770957468616e-01
-5.098719431649774148e-01
-4.080938446059879099e-01
-4.604346611712963333e-01
7.125562664346211106e-01
-4.155808217325923093e-01
-4.270335520463009460e-01
-4.971440111605152090e-01
1.483716885038188771e+00
-1.989349238997275837e-01
-2.484832365792617737e-01
3.310588456949730141e-01
-2.484836267889656003e-01
6.619853834879350085e-01
1.993834553884531458e-01
1.663654251798090955e-01
-5.694858047258813949e-01
6.619901944218690160e-01
-5.972569149795626808e-01
1.483751839990007149e+00
1.993849060075196522e-01
-1.658278524717453351e-01
2.243613855740325702e-04
-1.989369109605365615e-01
4.975115878608759590e-01
-6.641216478217097929e-01
2.472901159736843102e+00
-2.845873556762517076e-01
-1.989376671886843029e-01
-2.484880845294694385e-01
3.310690773086771843e-01
-7.458246566651809406e-01
3.913552330933039336e+00
5.977139261053849850e-01
-4.984397799905659343e-01
7.461874850898566613e-01
-4.270406156958046484e-01
-9.944999182023817053e-01
2.260602224432583967e+02
-7.964316825416642986e-01
2.935273200957586592e+00
4.975210983385307539e-01
-3.319293053891618217e-01
4.975224574457978721e-01
-6.641301448344598679e-01
4.946716648480329881e-01
-3.308069405581710032e-01
1.483839615217048102e+00
1.993910289555377580e-01
3.324722527666997829e-01
-7.478458691062973562e-01
-4.944988712558275323e-01
4.892327631646433694e+00
-6.641338616061664979e-01
8.969320345237029042e-05
4.946809418274782377e-01
9.929727660403746548e-01
-6.641352420166178883e-01
8.974667998186797678e-05
9.892786482212204691e-01
9.948812466255202436e-01
-3.737435395814719952e-01
-1.989419132094757681e-01
-2.484955993842999089e-01
3.310849660903966152e-01
4.975341506284351456e-01
-3.319338102196795481e-01
-2.484965450167939682e-01
6.620385589337673959e-01
-1.989428235826787850e-01
2.488590247325442872e-01
2.264319439862540748e-04
-1.989432628517668333e-01
2.488600350393841143e-01
-5.972837892058900922e-01
3.462373761214955881e+00
-2.213631134778873688e-01
-5.695052963735673934e-01
9.930068553541653298e-01
-3.319367160078013912e-01
-2.484999924869778221e-01
6.620527794292425661e-01
-3.981165171618183396e-01
3.310952134513592826e-01
1.814454077433692554e-04
4.975465332058260359e-01
-8.302543681528345987e-01
9.786442765371312635e-01
4.947163047305564443e-01
-3.308256957656243724e-01
-4.945369474986971992e-01
1.957259269954267245e+00
-9.927509326895012087e-01
1.369675386933284074e+02
3.310986306329088968e-01
2.488658118903495919e-01
2.274084997889864979e-04
3.985747989816886272e-01
-7.119682827387364688e-01
9.893597395551543272e-01
2.488674738968310873e-01
-5.972956127744204480e-01
4.947278450471117583e-01
3.311029915040426541e-01
-2.485044933248394816e-01
3.311038166626079082e-01
7.462428657925850306e-01
-9.968880004876204959e-01
9.155413138017756580e+01
1.484019701100496302e+00
-3.981233829716394612e-01
6.620761835876938228e-01
-3.981239670746309356e-01
3.311072356148889173e-01
7.462486700678885310e-01
-2.845978420277215926e-01
1.994050464519599719e-01
-4.980519151566163982e-01
3.311101835556660156e-01
4.975632859206039482e-01
2.743337419910006278e-04
-1.658348493071660212e-01
-1.989494909806677203e-01
2.488744166196378005e-01
-3.981282007753317309e-01
-9.927949560721324174e-01
9.187376544627559838e+01
-4.945709019146051766e-01
3.915011657325921934e+00
2.287729580930409365e-04
-5.973084654333837840e-01
-4.945740548735785280e-01
2.936307450406700603e+00
-9.945911645991187822e-01
2.758747528621966580e+02
-4.980566522048279765e-01
3.311174967298288196e-01
2.488773845397959372e-01
-1.989510511486997368e-01
2.488780362601612228e-01
-3.981318490334524451e-01
-9.928113837077003900e-01
4.604263548045419441e+01
6.851559340722857883e+00
-6.231700639008995735e-01
3.311213905582002792e-01
-4.972096145656065835e-01
1.484125417164481320e+00
-7.964969524814125013e-01
3.915284456286149517e+00
-1.989523290622718377e-01
-2.485140942257487440e-01
3.311242230177318668e-01
2.488815134803557261e-01
-5.973178727072410155e-01
2.473517488394291863e+00
-2.846023697937898889e-01
-5.973194785958279018e-01
1.484157436537695940e+00
-1.989534811930456781e-01
1.837712403349444094e-04
-7.459167122280436768e-01
1.957762830085037375e+00
1.376327820208016574e-04
3.311295352114037582e-01
2.488847754921005850e-01
