0.000000000000000000e+00
0.000000000000000000e+00
0.000000000000000000e+00
8.000000000000000000e+02
7.004854820185739683e-01
9.136990339842031572e-01
3.778044025920202498e-01
4.603393649744398908e-01
3.248341246087565470e-01
2.322631776889033384e-01
2.812063701542912852e-01
2.869314620601668420e-01
3.593810201356839595e-01
2.985654554228479585e-01
2.234519962222464573e-01
2.794637317555445089e-01
1.936996445042288850e-01
2.139733226006812206e-01
1.817216039368693414e-01
2.031697075168333311e-01
8.994518971162945853e-02
9.755115044835398208e-02
5.629942881492239898e-02
4.857922967615586202e-02
-6.371106917366155253e-02
-7.557451957501877537e-02
-1.471699377722433255e-01
-1.977606606519894672e-01
-2.245294699242845471e-01
-3.103531733675122806e-01
-3.256063895558539145e-01
-4.229149536612953342e-01
-3.332309337861118492e-01
-4.698839416475306119e-01
-4.057586134946110645e-01
-6.351282141275887971e-01
-9.899610687089289984e-02
-9.433521671135607356e-01
1.961195809820651226e+00
-6.622318950308628827e-01
-9.805277003978001282e-01
2.014301540940678592e+02
-7.462448995122774598e-01
-9.805325075942242785e-01
1.007404422505414345e+02
9.976032108246021433e-05
4.952356793797375034e-01
-3.310422713436921294e-01
4.952369430122317007e-01
-6.622357969297923974e-01
2.941832710102089798e+00
-7.462481955602250361e-01
4.943533218502780657e-05
4.943787311540652051e-05
4.944041430197415084e-05
9.806515842454327503e-01
-9.901813616181940336e-01
0.000000000000000000e+00
0.000000000000000000e+00
1.512859304084717849e+02
-3.310442582388384847e-01
-9.901838127720840044e-01
0.000000000000000000e+00
5.044136191677166892e+01
-9.805603902630353197e-01
0.000000000000000000e+00
5.044390637610968042e+01
4.946584027461482325e-05
9.806612500327309689e-01
-4.950431730253646023e-01
4.947601785041678811e-05
-9.805661592890503320e-01
1.513775355737205643e+02
-9.934373528470921144e-01
5.046681806712076224e+01
4.948874560123337358e-05
-9.805709668625847142e-01
5.047191238075999564e+01
9.806709160599508257e-01
-9.901911663065671165e-01
5.047955577990902043e+01
4.950147977957875634e-05
-9.805757744832610534e-01
1.514539579967685938e+02
-9.934406425838994137e-01
1.514768997727842645e+02
-6.622442509206720729e-01
-9.805825052314076640e-01
5.050249987374360927e+01
9.806825156094278739e-01
1.000300080020031157e-04
-9.901980297039605361e-01
0.000000000000000000e+00
5.051525560719322527e+01
2.941962972231807250e+00
-7.462564354472943640e-01
9.806921821647681670e-01
4.952510974255404652e-01
-3.310486497577019294e-01
-4.950521481735036811e-01
9.806999155819716707e-01
-4.950528758873084523e-01
9.807028156530630536e-01
-9.902073444668946234e-01
0.000000000000000000e+00
5.056378621631168357e+01
4.958568691188770230e-05
1.961363776653283431e+00
-3.310500088789434803e-01
-4.950553015989642147e-01
4.960358518599851428e-05
-9.806142371458633766e-01
5.058680696074442551e+01
4.960870130773905115e-05
9.807153828777134263e-01
-9.902137178267185202e-01
5.059704513256403402e+01
-9.806190451908480821e-01
0.000000000000000000e+00
0.000000000000000000e+00
1.011992106461565015e+02
-9.902151886137136039e-01
1.012094529629062691e+02
-9.902161691408042365e-01
5.060984867655221819e+01
-9.806238532829815169e-01
5.061241016297172024e+01
-9.806248149070661002e-01
0.000000000000000000e+00
0.000000000000000000e+00
5.061497190869035023e+01
4.963685850027236738e-05
4.963941980056095531e-05
4.964198136024966995e-05
4.964454317922338935e-05
9.807289172662951859e-01
1.002755019276555914e-04
1.002857567422537596e-04
-9.902225426142271525e-01
5.064316823660460898e+01
9.807356846373449510e-01
-4.950618510122840044e-01
1.961427497210288307e+00
1.509897698047923942e-04
-9.934633423617074133e-01
0.000000000000000000e+00
0.000000000000000000e+00
5.066882853668393949e+01
-9.806459711140922408e-01
0.000000000000000000e+00
5.067139599695942564e+01
-9.806469327815559023e-01
1.520218911523250256e+02
-3.310542948449620715e-01
-9.902308772801922121e-01
0.000000000000000000e+00
1.013736124486789976e+02
-4.950657321402526234e-01
-9.806546261891662120e-01
1.013890297069850703e+02
-4.950664598512448666e-01
-9.806575112481416001e-01
0.000000000000000000e+00
0.000000000000000000e+00
0.000000000000000000e+00
0.000000000000000000e+00
5.070222582771351938e+01
-9.806584729382390453e-01
0.000000000000000000e+00
5.070479667376500998e+01
4.972665861919987288e-05
4.972922902246496463e-05
9.807608216192217343e-01
1.004449724254655792e-04
1.004552616005996890e-04
1.004655528634984388e-04
1.004758462150585587e-04
-4.950700984037691432e-01
-9.806719367976549639e-01
0.000000000000000000e+00
5.074081591231951194e+01
4.976266801213137823e-05
4.976524207018325678e-05
-9.806748219584859871e-01
1.014970819588929487e+02
-4.950715538236216129e-01
-9.806777071362935416e-01
0.000000000000000000e+00
1.015125367982938513e+02
-4.950722815332957438e-01
4.978326779686396975e-05
9.807811257543388450e-01
-9.902470567381855826e-01
1.015434606011365162e+02
-4.950737369521340803e-01
4.979872862285608735e-05
4.980130634355176933e-05
9.807878940354858299e-01
4.952761282228695383e-01
