0.000000000000000000e+00
0.000000000000000000e+00
0.000000000000000000e+00
1.000000000000000114e+03
3.076669743336409302e-01
6.751449341353181754e-01
5.397142803761019181e-01
1.825086999407487254e-01
5.684077777411947752e-01
2.448234787086021325e-01
4.941604016975610358e-01
3.208778454894539722e-01
3.163582242063830430e-01
4.345836674909352437e-01
2.624555367370851600e-01
2.414099535674605890e-01
1.486877515475551192e-01
6.523758982432266429e-02
9.575578867607001388e-02
-1.522377244632760508e-02
8.258228068463430160e-02
4.485034638586409689e-02
2.692043441066903353e-02
9.771389898943279740e-04
8.314429804558185616e-03
-5.814021124850368011e-02
-5.827519983828600980e-02
-1.759617090806100126e-01
-2.146983593944951640e-01
-3.031173123529836144e-01
-2.438769458561646508e-01
-2.012758763206706769e-01
-1.728450242132526515e-01
-2.666629639899223969e-01
-3.302166461125948249e-01
-4.004200099703801863e-01
-2.687480719623103753e-01
-2.509799423161093723e-01
-3.555232825462383284e-01
-3.321295523359114599e-01
-1.656822790152066016e-01
-5.489592922595405433e-01
3.660796011036869025e-04
-3.321835834038636692e-01
1.494507356471747039e+00
-6.598716583973195104e-02
-3.561521589474903049e-01
1.112174210606365343e-01
-3.987790384828832635e-01
9.964295368995395030e-01
-1.659194041734584069e-01
-9.938867913105133012e-02
-2.213348211595820569e-01
8.546939871201707506e-01
5.318319022997594018e-04
-6.140271839743981497e-01
9.955548512627463431e-01
-7.979724749894389069e-01
7.410401889224059069e+00
-4.107652493881956968e-01
2.998040255215485561e-01
-6.908497362911021344e-01
1.491340781956804751e+00
-9.938809129560323419e-02
-2.213362634271071050e-01
-4.269244632431560271e-01
2.486951136667151507e-01
-3.979429620348423069e-01
2.645699140374296210e+00
-2.717976358075919197e-01
3.286684978208747514e-04
-2.489973667252044220e-01
-1.657901892372095620e-01
-1.988703971926508995e-01
4.972332559161817822e-01
2.465489548513700351e-04
-1.657905892240790768e-01
5.974348020714149721e-01
-1.243344394174925732e-01
-1.421176251737511498e-01
1.162512597758545763e+00
-3.835705021783807900e-01
2.496584809756180745e-01
2.998126487140487795e-01
-3.835709916791607554e-01
-6.229941987406995008e-01
3.308352927249907927e-01
1.491409373176785902e+00
-1.991875803940273970e-01
1.249958669958530083e-01
-2.213385978526561104e-01
2.851051375182018233e-01
-3.321943894022930110e-01
6.644124724907103374e-01
4.141464601361752578e-04
4.143188754774820674e-04
4.144914340930725360e-04
-3.987907930294538605e-01
3.323333998502764342e-01
4.989988449833707151e-01
-7.483756710584961169e-01
6.615750910384243788e-01
3.983768557977825364e-01
5.699305785931942925e-01
9.120982173228379952e-02
-5.819607354523700371e-01
1.992937438180407139e-01
1.328605095547815251e+00
-6.415495199259549919e-01
7.965570282629307330e-01
-1.104829722761874189e-01
-2.490038358338594604e-01
4.983867794456303679e-01
-1.104829337700940772e-01
-1.243354572677460579e-01
1.427039117708920890e-01
2.496718274038818020e-01
-6.982051330825319591e-01
1.323086124294736932e+00
1.427048713624704535e-01
3.743427828845430905e-01
-5.440639147442322132e-01
1.992999562139371184e-01
4.983948506264842537e-01
3.329538174174475618e-01
-3.323372144954779284e-01
1.250051909815013684e-01
-2.213422986423244365e-01
-1.421215505875884910e-01
-3.318482170073429049e-01
-7.455206513369810883e-01
1.074473643210404283e+01
-5.819687862412163959e-01
1.993039213038831914e-01
-3.318495624725339432e-01
-2.483971015730059295e-01
1.653895509669904174e+00
-2.490075707546862416e-01
6.644557612741194275e-01
-4.986048296049129802e-01
9.956918220134498565e-01
4.203384277496136426e-04
-9.938475754572771714e-02
-3.322046374813548697e-01
4.984096385860138922e-01
-1.104825106080498387e-01
-3.736819255935885375e-01
3.984077056771972436e-01
-5.693751979089721749e-01
6.616551772035622614e-01
1.194806795913500697e+00
-4.533163359469565834e-01
4.984149698119487160e-01
-2.213444221436410009e-01
5.699685503782834228e-01
1.819773072691333871e-01
-5.372310246122937727e-01
-4.979132263415585458e-01
1.260940161073537753e-04
9.924449861925893623e-01
4.984207004503602434e-01
-3.322079543618926545e-01
1.663096844308726840e-01
-2.845436098643272516e-01
3.984184447293250830e-01
-4.269640220434232636e-01
1.491637602029555421e+00
-1.991910087171200883e-01
-2.490121272027413235e-01
4.984268315044122488e-01
-1.104821509791509559e-01
-3.736884725119507533e-01
1.993176674062334675e-01
2.542467683599723997e-04
4.984301959909371305e-01
-1.104820763971426922e-01
3.396600571573695870e-04
3.397761431041871043e-04
1.250166396085155840e-01
-2.213466555798853652e-01
7.124099085749043825e-01
-4.155558971127891743e-01
-2.845480818361948994e-01
9.957601103458694203e-01
-2.990005860627223955e-01
-1.421253827626142441e-01
-8.300518833133586627e-01
1.074893393413768550e+01
-7.484120979642621130e-01
6.617207848402013592e-01
7.966582704917288815e-01
-5.539451599364636492e-01
7.459404271237964901e-01
4.275718970730859603e-01
-9.938242993531666569e-02
-6.648130435118853043e-01
6.617314988716148649e-01
-3.980133631876308087e-01
1.323339070135565398e+00
