0.000000000000000000e+00
0.000000000000000000e+00
0.000000000000000000e+00
8.800000000000001137e+02
5.461950670960478149e-01
7.469279723128456894e-01
3.401237029803693690e-01
4.414321107567213964e-01
3.922785625349434757e-01
3.439898246970905515e-01
3.607930925593940685e-01
3.791066004013303181e-01
4.765536387066041102e-01
2.479475277251932119e-01
2.712996498369991683e-01
1.190538958176589335e-01
6.975401246395329657e-02
1.864018846622397460e-02
7.960076178567919089e-03
-6.089087863517126525e-02
-8.266827818545506579e-02
-3.519075617953752039e-02
1.219980072954049977e-01
9.917119073991421951e-02
1.310926143441977221e-01
2.792425889524991281e-02
4.649321180773069440e-02
-1.474520948011132648e-01
-3.689360841647976869e-02
-2.164980827167745092e-01
-1.886139383892742605e-01
-2.373321500275324680e-01
-1.724447741464613104e-01
-5.157157823466295560e-02
-1.970567903910254437e-01
-1.539564957925380895e-01
-1.519467707646350307e-01
-1.681755068556049226e-01
-2.413216577630269977e-01
-1.758657000607766197e-01
-3.453778268747780267e-01
-3.274161600888936818e-01
-1.671716840736167109e-01
-2.576533847802882637e-01
-2.237026185960165892e-01
-2.247222020407338983e-01
8.879220486890382347e-04
-1.240819144065485602e-01
-4.681690529227902631e-02
-2.491073611014464062e-01
1.337247413899300130e-01
-1.169043648380428957e-01
-2.657808778726637455e-01
-4.532144273739483475e-01
1.493866716415721996e+00
-3.323655856449994617e-01
-9.939780922096058680e-02
4.436056911549547399e-01
-4.603272344244547787e-01
9.967028534241156867e-01
-2.134664174775875445e-01
9.113494807771056749e-02
4.471141073191010635e-04
4.473150008036446898e-04
-1.659228001204370306e-01
-2.989384589882730925e-01
2.849621264429778034e-01
2.219742992727490871e-01
9.113677225200708665e-02
8.363390444164921222e-02
-4.603305598912965646e-01
7.120202516182958519e-01
-1.659227851429546652e-01
-1.991687073869157498e-01
2.495434218350478517e-01
6.987753389023174666e-01
-4.695143356077203234e-01
1.111578770551062689e-01
-9.939718597616256646e-02
5.544425497540256265e-01
2.145175259019065916e-01
-2.932074506686799809e-01
2.500112350235017544e-01
5.641219507484001488e-04
-1.326086296919010976e-01
-2.299229015468017834e-01
3.994690101455943276e-01
-3.561288908149761179e-01
-1.104838161492555232e-01
3.011862722977769907e-04
3.741773810992695681e-01
4.148024012231102137e-04
1.818723836364589119e-01
4.613189207436966810e-01
-3.674555443530060916e-01
8.364166227708580426e-02
-2.299233350399792764e-01
3.781204247691602937e-04
1.999277648820505238e-01
-8.273416757700358115e-02
-6.346911368684049481e-01
2.980974741506576375e+00
-1.242635969856913242e-01
2.145284815977318016e-01
-3.519780763342258978e-01
-1.810429999802999623e-01
-2.213095160350909696e-01
2.655076997392399169e-04
-4.268175584189774496e-01
7.453734256864144037e-01
-2.844568785322514337e-01
9.951568784462596629e-01
-9.939607555136598105e-02
3.421996354917503222e-04
1.111686513608036719e-01
1.001572051068087971e-01
3.633434307159775223e-01
-3.989595232782986445e-01
4.436507151093528889e-01
-3.067307589243966626e-01
7.761339752183290530e-01
-6.237510313258540773e-01
4.981747672520107639e-01
4.436543253126284392e-01
-3.067313097438670866e-01
-1.104840860173657985e-01
3.742010688524267659e-01
3.633499044235908859e-01
-5.321396611554592981e-01
9.968261617131071173e-01
2.145392984332040454e-01
-5.282951205270558503e-01
9.973707075501826447e-01
-4.364442018452866501e-01
8.869806964934369153e-01
-2.344351878452280158e-01
2.309241948111201981e-01
-2.491332466172616611e-01
4.617504230265123406e-04
-1.659223060940615280e-01
1.999448845035197153e-01
4.623579358822280431e-04
8.365499387649968921e-02
-4.603512436642014372e-01
4.273783849090152520e-01
-4.985171568093255678e-01
1.992019860283668620e-01
1.494142868503866017e+00
-3.989641527091330464e-01
-2.213159482816827173e-01
7.121237572364712554e-01
-4.155015567690990008e-01
8.544971542705176448e-01
3.845505091707933087e-01
-5.544508862791915904e-01
7.481341964852291637e-01
-3.561380417159243361e-01
4.436806072031876935e-01
-5.371649595912169062e-01
2.323399619842953900e-04
4.982149025756691385e-01
9.978501129470971343e-01
-3.323914990799246016e-01
-4.986989976026582894e-01
2.328036608521806636e-04
2.158176325470997803e+00
-3.148572405763361837e-01
-4.603573951992067093e-01
4.273972000702372931e-01
1.001729302518856446e-01
-1.810451051099268849e-01
-4.429891300419208644e-01
5.972561893826441315e-01
4.988738719279519618e-01
3.332490010276755177e-01
-6.181408731499044712e-02
-3.989680054659535680e-01
4.436950753279841897e-01
-4.603602305613503365e-01
9.969159086207681764e-01
-6.414924097403004177e-01
1.194343121021739673e+00
-4.532598316152550155e-01
3.322369533618147464e-01
1.246738183962423419e+00
-7.210059063243504651e-01
1.592408593244696746e+00
-4.603623682198560441e-01
2.850331935231620872e-01
1.111907008888789322e-01
1.999644470808863428e-01
-3.323148698639710186e-01
3.142489378173244936e-04
-1.243296833902136772e-01
1.426555712245238250e-01
1.249588228659984646e-01
1.111924248347185423e-01
1.001802750545872644e-01
-4.532645744237754903e-01
