0.000000000000000000e+00
0.000000000000000000e+00
0.000000000000000000e+00
0.000000000000000000e+00
1.179999999999999938e+00
2.439999999999999947e+00
3.500000000000000000e+00
5.940000000000000391e+00
7.900000000000000355e+00
1.053999999999999915e+01
1.425999999999999979e+01
1.917999999999999972e+01
2.401999999999999957e+01
3.352000000000000313e+01
4.217999999999999972e+01
5.439999999999999858e+01
6.450000000000000000e+01
7.278000000000000114e+01
8.184000000000000341e+01
8.559999999999999432e+01
8.498000000000000398e+01
8.357999999999999829e+01
7.979999999999999716e+01
7.328000000000000114e+01
5.846000000000000085e+01
4.432000000000000028e+01
3.217999999999999972e+01
2.557999999999999829e+01
1.739999999999999858e+01
1.340000000000000036e+01
7.820000000000000284e+00
4.660000000000000142e+00
2.080000000000000071e+00
1.439999999999999947e+00
9.000000000000000222e-01
4.400000000000000022e-01
2.600000000000000089e-01
1.400000000000000133e-01
2.399999999999999911e-01
1.400000000000000133e-01
8.000000000000000167e-02
4.000000000000000083e-02
1.000000000000000056e-01
8.000000000000000167e-02
5.999999999999999778e-02
8.000000000000000167e-02
5.999999999999999778e-02
1.000000000000000056e-01
1.199999999999999956e-01
1.400000000000000133e-01
5.999999999999999778e-02
1.000000000000000056e-01
4.000000000000000083e-02
1.000000000000000056e-01
1.199999999999999956e-01
1.000000000000000056e-01
1.000000000000000056e-01
8.000000000000000167e-02
1.199999999999999956e-01
4.000000000000000083e-02
1.400000000000000133e-01
1.000000000000000056e-01
8.000000000000000167e-02
5.999999999999999778e-02
8.000000000000000167e-02
2.000000000000000042e-02
1.000000000000000056e-01
1.600000000000000033e-01
8.000000000000000167e-02
1.400000000000000133e-01
8.000000000000000167e-02
0.000000000000000000e+00
1.000000000000000056e-01
2.000000000000000042e-02
8.000000000000000167e-02
1.199999999999999956e-01
8.000000000000000167e-02
1.199999999999999956e-01
4.000000000000000083e-02
5.999999999999999778e-02
4.000000000000000083e-02
1.000000000000000056e-01
1.199999999999999956e-01
1.600000000000000033e-01
4.000000000000000083e-02
2.000000000000000042e-02
1.199999999999999956e-01
4.000000000000000083e-02
4.000000000000000083e-02
5.999999999999999778e-02
1.199999999999999956e-01
4.000000000000000083e-02
4.000000000000000083e-02
8.000000000000000167e-02
1.600000000000000033e-01
1.000000000000000056e-01
8.000000000000000167e-02
5.999999999999999778e-02
8.000000000000000167e-02
1.199999999999999956e-01
8.000000000000000167e-02
5.999999999999999778e-02
1.000000000000000056e-01
8.000000000000000167e-02
1.000000000000000056e-01
1.000000000000000056e-01
8.000000000000000167e-02
1.000000000000000056e-01
4.000000000000000083e-02
1.799999999999999933e-01
1.400000000000000133e-01
5.999999999999999778e-02
1.199999999999999956e-01
8.000000000000000167e-02
5.999999999999999778e-02
1.000000000000000056e-01
5.999999999999999778e-02
8.000000000000000167e-02
8.000000000000000167e-02
1.199999999999999956e-01
2.000000000000000042e-02
4.000000000000000083e-02
5.999999999999999778e-02
4.000000000000000083e-02
2.000000000000000042e-02
5.999999999999999778e-02
0.000000000000000000e+00
5.999999999999999778e-02
8.000000000000000167e-02
1.000000000000000056e-01
1.000000000000000056e-01
1.400000000000000133e-01
4.000000000000000083e-02
8.000000000000000167e-02
1.000000000000000056e-01
4.000000000000000083e-02
5.999999999999999778e-02
8.000000000000000167e-02
5.999999999999999778e-02
8.000000000000000167e-02
1.400000000000000133e-01
0.000000000000000000e+00
4.000000000000000083e-02
1.000000000000000056e-01
5.999999999999999778e-02
1.000000000000000056e-01
5.999999999999999778e-02
8.000000000000000167e-02
1.400000000000000133e-01
1.000000000000000056e-01
1.199999999999999956e-01
5.999999999999999778e-02
8.000000000000000167e-02
1.199999999999999956e-01
1.199999999999999956e-01
1.000000000000000056e-01
8.000000000000000167e-02
1.000000000000000056e-01
5.999999999999999778e-02
0.000000000000000000e+00
4.000000000000000083e-02
2.000000000000000042e-02
1.000000000000000056e-01
1.000000000000000056e-01
4.000000000000000083e-02
2.000000000000000042e-02
8.000000000000000167e-02
0.000000000000000000e+00
1.199999999999999956e-01
5.999999999999999778e-02
8.000000000000000167e-02
1.000000000000000056e-01
8.000000000000000167e-02
1.000000000000000056e-01
5.999999999999999778e-02
0.000000000000000000e+00
2.000000000000000042e-02
1.600000000000000033e-01
5.999999999999999778e-02
8.000000000000000167e-02
4.000000000000000083e-02
1.000000000000000056e-01
2.000000000000000042e-02
1.000000000000000056e-01
8.000000000000000167e-02
5.999999999999999778e-02
8.000000000000000167e-02
1.000000000000000056e-01
4.000000000000000083e-02
1.400000000000000133e-01
1.000000000000000056e-01
4.000000000000000083e-02
1.000000000000000056e-01
8.000000000000000167e-02
8.000000000000000167e-02
2.000000000000000042e-02
5.999999999999999778e-02
5.999999999999999778e-02
8.000000000000000167e-02
1.000000000000000056e-01
