0.000000000000000000e+00
0.000000000000000000e+00
0.000000000000000000e+00
0.000000000000000000e+00
1.320000000000000062e+00
2.040000000000000036e+00
3.560000000000000053e+00
4.759999999999999787e+00
6.839999999999999858e+00
9.480000000000000426e+00
1.266000000000000014e+01
1.707999999999999829e+01
2.328000000000000114e+01
3.382000000000000028e+01
4.120000000000000284e+01
5.082000000000000028e+01
5.471999999999999886e+01
5.606000000000000227e+01
5.452000000000000313e+01
5.242000000000000171e+01
4.693999999999999773e+01
4.117999999999999972e+01
3.814000000000000057e+01
4.114000000000000057e+01
4.325999999999999801e+01
4.660000000000000142e+01
4.532000000000000028e+01
4.479999999999999716e+01
3.597999999999999687e+01
3.293999999999999773e+01
2.457999999999999829e+01
1.919999999999999929e+01
1.419999999999999929e+01
1.148000000000000043e+01
1.067999999999999972e+01
8.419999999999999929e+00
7.019999999999999574e+00
5.879999999999999893e+00
4.839999999999999858e+00
3.640000000000000124e+00
2.979999999999999982e+00
1.939999999999999947e+00
1.300000000000000044e+00
1.080000000000000071e+00
8.000000000000000444e-01
6.199999999999999956e-01
4.799999999999999822e-01
4.799999999999999822e-01
4.199999999999999845e-01
4.000000000000000222e-01
2.999999999999999889e-01
3.400000000000000244e-01
2.999999999999999889e-01
2.200000000000000011e-01
1.199999999999999956e-01
2.999999999999999889e-01
2.000000000000000111e-01
1.799999999999999933e-01
2.600000000000000089e-01
1.400000000000000133e-01
2.800000000000000266e-01
2.200000000000000011e-01
2.399999999999999911e-01
2.399999999999999911e-01
2.399999999999999911e-01
2.000000000000000111e-01
1.400000000000000133e-01
1.799999999999999933e-01
2.200000000000000011e-01
2.399999999999999911e-01
2.600000000000000089e-01
1.400000000000000133e-01
2.399999999999999911e-01
2.000000000000000111e-01
1.600000000000000033e-01
2.000000000000000111e-01
3.400000000000000244e-01
1.799999999999999933e-01
2.000000000000000111e-01
1.799999999999999933e-01
2.800000000000000266e-01
3.400000000000000244e-01
2.399999999999999911e-01
2.999999999999999889e-01
2.999999999999999889e-01
2.600000000000000089e-01
2.000000000000000111e-01
2.800000000000000266e-01
1.799999999999999933e-01
1.600000000000000033e-01
1.600000000000000033e-01
2.200000000000000011e-01
2.200000000000000011e-01
2.600000000000000089e-01
3.800000000000000044e-01
2.399999999999999911e-01
2.600000000000000089e-01
2.000000000000000111e-01
2.000000000000000111e-01
2.399999999999999911e-01
2.200000000000000011e-01
8.000000000000000167e-02
3.200000000000000067e-01
2.800000000000000266e-01
3.400000000000000244e-01
2.200000000000000011e-01
1.799999999999999933e-01
1.400000000000000133e-01
1.400000000000000133e-01
8.000000000000000167e-02
1.400000000000000133e-01
1.000000000000000056e-01
2.000000000000000111e-01
1.799999999999999933e-01
1.799999999999999933e-01
2.000000000000000111e-01
2.200000000000000011e-01
2.999999999999999889e-01
1.799999999999999933e-01
2.600000000000000089e-01
1.799999999999999933e-01
3.200000000000000067e-01
1.199999999999999956e-01
1.799999999999999933e-01
2.600000000000000089e-01
1.799999999999999933e-01
1.600000000000000033e-01
2.200000000000000011e-01
2.999999999999999889e-01
1.400000000000000133e-01
2.800000000000000266e-01
3.400000000000000244e-01
1.600000000000000033e-01
3.200000000000000067e-01
1.799999999999999933e-01
3.400000000000000244e-01
2.600000000000000089e-01
3.200000000000000067e-01
2.399999999999999911e-01
2.399999999999999911e-01
2.000000000000000111e-01
2.399999999999999911e-01
2.399999999999999911e-01
2.600000000000000089e-01
1.400000000000000133e-01
2.000000000000000111e-01
1.000000000000000056e-01
1.199999999999999956e-01
2.999999999999999889e-01
1.799999999999999933e-01
1.400000000000000133e-01
2.399999999999999911e-01
1.400000000000000133e-01
2.600000000000000089e-01
3.599999999999999867e-01
1.600000000000000033e-01
2.800000000000000266e-01
1.799999999999999933e-01
2.600000000000000089e-01
1.199999999999999956e-01
1.199999999999999956e-01
1.799999999999999933e-01
3.599999999999999867e-01
2.399999999999999911e-01
1.199999999999999956e-01
1.199999999999999956e-01
3.800000000000000044e-01
2.600000000000000089e-01
1.400000000000000133e-01
2.000000000000000111e-01
2.200000000000000011e-01
1.799999999999999933e-01
1.000000000000000056e-01
1.600000000000000033e-01
2.399999999999999911e-01
3.200000000000000067e-01
2.999999999999999889e-01
1.799999999999999933e-01
2.600000000000000089e-01
1.400000000000000133e-01
2.800000000000000266e-01
1.000000000000000056e-01
2.200000000000000011e-01
1.199999999999999956e-01
1.600000000000000033e-01
3.599999999999999867e-01
1.000000000000000056e-01
2.600000000000000089e-01
1.400000000000000133e-01
1.799999999999999933e-01
2.000000000000000111e-01
2.399999999999999911e-01
1.600000000000000033e-01
1.600000000000000033e-01
1.400000000000000133e-01
1.600000000000000033e-01
1.799999999999999933e-01
2.000000000000000111e-01
2.200000000000000011e-01
1.199999999999999956e-01
