0.000000000000000000e+00
0.000000000000000000e+00
0.000000000000000000e+00
0.000000000000000000e+00
1.500000000000000000e+00
1.959999999999999964e+00
3.279999999999999805e+00
5.040000000000000036e+00
5.940000000000000391e+00
9.279999999999999361e+00
1.148000000000000043e+01
1.701999999999999957e+01
2.221999999999999886e+01
2.880000000000000071e+01
4.047999999999999687e+01
4.961999999999999744e+01
5.934000000000000341e+01
6.506000000000000227e+01
6.568000000000000682e+01
6.795999999999999375e+01
6.284000000000000341e+01
6.393999999999999773e+01
6.246000000000000085e+01
5.978000000000000114e+01
5.565999999999999659e+01
5.220000000000000284e+01
4.570000000000000284e+01
4.017999999999999972e+01
3.103999999999999915e+01
2.312000000000000099e+01
1.546000000000000085e+01
1.135999999999999943e+01
8.880000000000000782e+00
7.219999999999999751e+00
5.219999999999999751e+00
3.459999999999999964e+00
2.060000000000000053e+00
1.500000000000000000e+00
1.120000000000000107e+00
7.199999999999999734e-01
4.799999999999999822e-01
4.000000000000000222e-01
1.799999999999999933e-01
1.799999999999999933e-01
1.199999999999999956e-01
2.999999999999999889e-01
2.800000000000000266e-01
1.799999999999999933e-01
2.000000000000000111e-01
1.199999999999999956e-01
2.399999999999999911e-01
2.000000000000000111e-01
1.799999999999999933e-01
1.400000000000000133e-01
2.600000000000000089e-01
2.600000000000000089e-01
1.000000000000000056e-01
2.000000000000000111e-01
4.000000000000000083e-02
3.400000000000000244e-01
2.000000000000000111e-01
2.600000000000000089e-01
8.000000000000000167e-02
2.000000000000000111e-01
1.799999999999999933e-01
1.400000000000000133e-01
8.000000000000000167e-02
1.000000000000000056e-01
5.999999999999999778e-02
2.200000000000000011e-01
1.600000000000000033e-01
1.600000000000000033e-01
1.199999999999999956e-01
1.000000000000000056e-01
8.000000000000000167e-02
1.199999999999999956e-01
1.199999999999999956e-01
1.000000000000000056e-01
1.600000000000000033e-01
1.400000000000000133e-01
1.199999999999999956e-01
2.600000000000000089e-01
1.600000000000000033e-01
2.000000000000000111e-01
2.600000000000000089e-01
1.600000000000000033e-01
5.999999999999999778e-02
8.000000000000000167e-02
2.000000000000000111e-01
1.600000000000000033e-01
1.799999999999999933e-01
1.400000000000000133e-01
1.799999999999999933e-01
1.199999999999999956e-01
2.000000000000000111e-01
2.000000000000000111e-01
2.000000000000000111e-01
2.000000000000000111e-01
1.199999999999999956e-01
1.600000000000000033e-01
2.399999999999999911e-01
5.999999999999999778e-02
1.000000000000000056e-01
1.400000000000000133e-01
2.200000000000000011e-01
2.399999999999999911e-01
1.000000000000000056e-01
1.199999999999999956e-01
2.800000000000000266e-01
1.000000000000000056e-01
1.799999999999999933e-01
1.600000000000000033e-01
1.199999999999999956e-01
1.799999999999999933e-01
1.600000000000000033e-01
1.400000000000000133e-01
1.600000000000000033e-01
2.000000000000000111e-01
5.999999999999999778e-02
1.400000000000000133e-01
1.600000000000000033e-01
2.200000000000000011e-01
1.000000000000000056e-01
1.199999999999999956e-01
1.799999999999999933e-01
2.399999999999999911e-01
1.600000000000000033e-01
1.799999999999999933e-01
1.400000000000000133e-01
1.199999999999999956e-01
8.000000000000000167e-02
2.000000000000000042e-02
2.399999999999999911e-01
1.000000000000000056e-01
1.199999999999999956e-01
8.000000000000000167e-02
5.999999999999999778e-02
1.600000000000000033e-01
1.199999999999999956e-01
2.000000000000000111e-01
1.000000000000000056e-01
2.000000000000000111e-01
2.000000000000000111e-01
1.799999999999999933e-01
1.199999999999999956e-01
1.799999999999999933e-01
1.600000000000000033e-01
1.000000000000000056e-01
1.400000000000000133e-01
5.999999999999999778e-02
1.000000000000000056e-01
2.200000000000000011e-01
1.199999999999999956e-01
1.799999999999999933e-01
1.400000000000000133e-01
2.200000000000000011e-01
2.600000000000000089e-01
1.199999999999999956e-01
5.999999999999999778e-02
5.999999999999999778e-02
1.199999999999999956e-01
1.799999999999999933e-01
1.199999999999999956e-01
1.400000000000000133e-01
1.000000000000000056e-01
1.400000000000000133e-01
8.000000000000000167e-02
2.000000000000000111e-01
1.600000000000000033e-01
1.199999999999999956e-01
1.799999999999999933e-01
1.600000000000000033e-01
1.000000000000000056e-01
1.199999999999999956e-01
1.199999999999999956e-01
1.799999999999999933e-01
1.600000000000000033e-01
1.600000000000000033e-01
1.600000000000000033e-01
1.799999999999999933e-01
1.400000000000000133e-01
2.399999999999999911e-01
1.400000000000000133e-01
1.000000000000000056e-01
2.000000000000000111e-01
1.400000000000000133e-01
1.199999999999999956e-01
2.000000000000000042e-02
2.399999999999999911e-01
5.999999999999999778e-02
1.000000000000000056e-01
1.799999999999999933e-01
8.000000000000000167e-02
1.400000000000000133e-01
2.000000000000000111e-01
1.799999999999999933e-01
5.999999999999999778e-02
1.000000000000000056e-01
5.999999999999999778e-02
1.400000000000000133e-01
