0.000000000000000000e+00
0.000000000000000000e+00
0.000000000000000000e+00
0.000000000000000000e+00
1.199999999999999956e+00
2.040000000000000036e+00
3.899999999999999911e+00
5.360000000000000320e+00
7.799999999999999822e+00
1.027999999999999936e+01
1.258000000000000007e+01
1.598000000000000043e+01
2.033999999999999986e+01
2.726000000000000156e+01
3.471999999999999886e+01
4.142000000000000171e+01
5.138000000000000256e+01
5.893999999999999773e+01
6.821999999999999886e+01
7.606000000000000227e+01
8.540000000000000568e+01
8.559999999999999432e+01
8.571999999999999886e+01
8.184000000000000341e+01
7.709999999999999432e+01
6.450000000000000000e+01
5.367999999999999972e+01
4.156000000000000227e+01
3.071999999999999886e+01
2.232000000000000028e+01
1.464000000000000057e+01
9.539999999999999147e+00
5.379999999999999893e+00
3.540000000000000036e+00
1.860000000000000098e+00
1.100000000000000089e+00
4.000000000000000222e-01
3.599999999999999867e-01
2.000000000000000042e-02
5.999999999999999778e-02
2.000000000000000042e-02
0.000000000000000000e+00
8.000000000000000167e-02
2.000000000000000042e-02
0.000000000000000000e+00
4.000000000000000083e-02
4.000000000000000083e-02
5.999999999999999778e-02
4.000000000000000083e-02
5.999999999999999778e-02
2.000000000000000042e-02
8.000000000000000167e-02
2.000000000000000042e-02
2.000000000000000042e-02
2.000000000000000042e-02
2.000000000000000042e-02
4.000000000000000083e-02
0.000000000000000000e+00
0.000000000000000000e+00
0.000000000000000000e+00
5.999999999999999778e-02
4.000000000000000083e-02
0.000000000000000000e+00
0.000000000000000000e+00
2.000000000000000042e-02
0.000000000000000000e+00
0.000000000000000000e+00
2.000000000000000042e-02
2.000000000000000042e-02
4.000000000000000083e-02
2.000000000000000042e-02
2.000000000000000042e-02
0.000000000000000000e+00
5.999999999999999778e-02
0.000000000000000000e+00
2.000000000000000042e-02
2.000000000000000042e-02
0.000000000000000000e+00
2.000000000000000042e-02
4.000000000000000083e-02
0.000000000000000000e+00
2.000000000000000042e-02
2.000000000000000042e-02
0.000000000000000000e+00
5.999999999999999778e-02
0.000000000000000000e+00
5.999999999999999778e-02
2.000000000000000042e-02
0.000000000000000000e+00
2.000000000000000042e-02
4.000000000000000083e-02
4.000000000000000083e-02
0.000000000000000000e+00
0.000000000000000000e+00
2.000000000000000042e-02
8.000000000000000167e-02
2.000000000000000042e-02
4.000000000000000083e-02
5.999999999999999778e-02
4.000000000000000083e-02
2.000000000000000042e-02
4.000000000000000083e-02
2.000000000000000042e-02
4.000000000000000083e-02
0.000000000000000000e+00
0.000000000000000000e+00
2.000000000000000042e-02
2.000000000000000042e-02
5.999999999999999778e-02
4.000000000000000083e-02
2.000000000000000042e-02
2.000000000000000042e-02
0.000000000000000000e+00
2.000000000000000042e-02
2.000000000000000042e-02
4.000000000000000083e-02
0.000000000000000000e+00
2.000000000000000042e-02
0.000000000000000000e+00
0.000000000000000000e+00
0.000000000000000000e+00
4.000000000000000083e-02
0.000000000000000000e+00
4.000000000000000083e-02
0.000000000000000000e+00
2.000000000000000042e-02
0.000000000000000000e+00
2.000000000000000042e-02
0.000000000000000000e+00
0.000000000000000000e+00
0.000000000000000000e+00
2.000000000000000042e-02
2.000000000000000042e-02
2.000000000000000042e-02
2.000000000000000042e-02
2.000000000000000042e-02
4.000000000000000083e-02
4.000000000000000083e-02
4.000000000000000083e-02
0.000000000000000000e+00
2.000000000000000042e-02
4.000000000000000083e-02
2.000000000000000042e-02
5.999999999999999778e-02
5.999999999999999778e-02
0.000000000000000000e+00
0.000000000000000000e+00
0.000000000000000000e+00
2.000000000000000042e-02
0.000000000000000000e+00
0.000000000000000000e+00
2.000000000000000042e-02
0.000000000000000000e+00
5.999999999999999778e-02
4.000000000000000083e-02
0.000000000000000000e+00
0.000000000000000000e+00
4.000000000000000083e-02
2.000000000000000042e-02
0.000000000000000000e+00
4.000000000000000083e-02
2.000000000000000042e-02
0.000000000000000000e+00
0.000000000000000000e+00
0.000000000000000000e+00
0.000000000000000000e+00
0.000000000000000000e+00
2.000000000000000042e-02
0.000000000000000000e+00
0.000000000000000000e+00
2.000000000000000042e-02
2.000000000000000042e-02
2.000000000000000042e-02
4.000000000000000083e-02
4.000000000000000083e-02
4.000000000000000083e-02
4.000000000000000083e-02
4.000000000000000083e-02
2.000000000000000042e-02
0.000000000000000000e+00
0.000000000000000000e+00
2.000000000000000042e-02
2.000000000000000042e-02
2.000000000000000042e-02
0.000000000000000000e+00
4.000000000000000083e-02
2.000000000000000042e-02
0.000000000000000000e+00
0.000000000000000000e+00
4.000000000000000083e-02
2.000000000000000042e-02
2.000000000000000042e-02
4.000000000000000083e-02
0.000000000000000000e+00
4.000000000000000083e-02
2.000000000000000042e-02
2.000000000000000042e-02
2.000000000000000042e-02
4.000000000000000083e-02
5.999999999999999778e-02
